+11096943355
+12012527787
+12015345820
+12016366981
+12018907765
+12022483938
+12025993348
+12026667236
+12033184606
+12058279274
+12058286960
+12064069120
+12073679090
+12079770814
+12088973573
+12095091618
+12096212769
+12096554105
+12107215250
+12133066643
+12134651765
+12134980792
+12138327181
+12146873402
+12148174695
+12149017542
+12149978195
+12155931723
+12157541412
+12164830608
+12166237449
+12169291357
+12179811267
+12197278372
+12199665309
+12233863253
+12282039484
+12314660482
+12347020206
+12392695134
+12402615153
+12403841007
+12405091699
+12405091845
+12408737575
+12513372542
+12517660148
+12519865252
+12526212262
+12532104504
+12532851327
+12533454094
+12533611925
+12533904599
+12543625494
+12555777329
+12564892932
+12566290864
+12672392597
+12677866277
+12678244842
+12679069182
+12679673319
+12693045801
+12696992047
+12702392086
+12702465747
+12702966841
+12705409055
+12707347690
+12708012671
+12708158769
+12709860510
+12762539751
+12812151330
+12812151798
+12812701106
+12812935014
+12813172467
+12815246654
+12832004464
+13019390091
+13024125423
+13024610815
+13024898419
+13025036575
+13026431465
+13032760578
+13034766074
+13038384055
+13042499573
+13044402342
+13048048664
+13048129108
+13053812713
+13072844848
+13095062194
+13102722087
+13103102412
+13105731742
+13106160275
+13107019811
+13107420490
+13109109894
+13109298567
+13109858358
+13109882823
+13124733296
+13128208450
+13147321452
+13157267948
+13163944771
+13164037768
+13165534154
+13167790117
+13167790426
+13169428958
+13169439032
+13173440531
+13177651354
+13178354834
+13179969821
+13182239182
+13185124534
+13185325136
+13185901857
+13189353943
+13189357754
+13204961478
+13216526093
+13219728801
+13233368621
+13237432819
+13304724137
+13305933370
+13306824649
+13308005562
+13312260143
+13347763389
+13348727820
+13362171572
+13362833395
+13366007149
+13392137854
+13392388142
+13414419105
+13468402444
+13468413991
+13472126050
+13473077495
+13477183279
+13477324957
+13477356160
+13514004190
+13522906697
+13525171177
+13526726587
+13527621515
+13527752613
+13602543208
+13608816328
+13853487650
+13854057468
+13855693580
+13862006753
+13863011040
+13863484194
+13863564032
+13885539117
+14013298863
+14013424838
+14025940463
+14032087650
+14044700884
+14049123079
+14053745726
+14053904007
+14054517299
+14062871440
+14064262074
+14072171795
+14072644065
+14082170545
+14088161672
+14095719256
+14108079013
+14122841588
+14126625073
+14144463561
+14145573555
+14156106698
+14157541994
+14199044716
+14199623497
+14232958578
+14233705679
+14233732607
+14238600958
+14242314198
+14244167128
+14244328137
+14244449712
+14244721343
+14258424506
+14302047979
+14324349858
+14343211953
+14345385950
+14345726222
+14403972603
+14407262166
+14409892684
+14427325055
+14453166110
+14453169903
+14485670095
+14582143309
+14642353788
+14693886354
+14699451682
+14705002637
+14707662039
+14708018765
+14752449324
+14753760897
+14753787701
+14788253892
+14804888455
+14804974743
+14806668604
+14842079538
+14849647759
+14849982829
+15015476753
+15023043314
+15023046980
+15027873948
+15027965104
+15027979486
+15027980486
+15027982052
+15028247915
+15029255839
+15037397623
+15079000860
+15094570738
+15094669628
+15096069571
+15103563464
+15103785615
+15122620525
+15123844724
+15128719322
+15136555322
+15138029818
+15156677331
+15164478060
+15169452825
+15174095492
+15176528210
+15182520401
+15184061869
+15184686484
+15187244931
+15188193448
+15188194991
+15188374840
+15203369825
+15204537927
+15205184956
+15302883046
+15303772122
+15304885670
+15304973848
+15308803280
+15345333602
+15402180334
+15403950702
+15405231334
+15405882474
+15590908324
+15592037754
+15596632246
+15612831806
+15612880856
+15616323144
+15619198284
+15624158916
+15625014875
+15625629166
+15625895762
+15627415785
+15642421247
+15644651063
+15702254873
+15705621206
+15712224085
+15715446179
+15744139590
+15748579740
+15854495664
+15855239294
+15859283850
+16012022152
+16017735257
+16017801545
+16018984165
+16023664491
+16026100239
+16028074892
+16029225813
+16035752603
+16056811591
+16062147791
+16073842075
+16077060568
+16079464574
+16087229995
+16089166971
+16089555914
+16103794216
+16107983252
+16124211297
+16124964122
+16128009238
+16143188814
+16143844736
+16152503307
+16154495691
+16154862003
+16179697244
+16182238033
+16183768735
+16184685721
+16187277850
+16187762473
+16189400404
+16198430517
+16203336981
+16203926908
+16233529402
+16234394167
+16263852123
+16265000370
+16269296675
+16282139664
+16307602070
+16308812629
+16312024741
+16312452354
+16314102104
+16315685379
+16315723007
+16316522522
+16319739393
+16362297597
+16363899210
+16364522962
+16366266825
+16418374489
+16452035390
+16452120979
+16452132287
+16467399846
+16469458760
+16502530000
+16507198936
+16573193579
+16574279197
+16592335478
+16612311613
+16617313935
+16673998970
+16677718219
+16788564155
+16812017955
+16812496059
+16816424722
+16822456511
+16893431739
+17015051294
+17017918811
+17022005288
+17025256872
+17026583228
+17027024319
+17034661479
+17042759690
+17043873008
+17047058549
+17048036482
+17048287094
+17048463320
+17062055640
+17073489239
+17076663122
+17083362672
+17125129521
+17133353459
+17135161750
+17135751370
+17136823597
+17138329744
+17139092514
+17142746471
+17142773735
+17145898940
+17146177087
+17147073350
+17147839852
+17147987679
+17152980198
+17157678621
+17162247197
+17177905237
+17187055212
+17188756811
+17192159004
+17192595462
+17193701891
+17193736417
+17194032307
+17199327316
+17207417362
+17207649035
+17247617271
+17272962378
+17276273935
+17276282344
+17302531372
+17327336308
+17327899470
+17328629274
+17345412574
+17372529483
+17383330032
+17404814412
+17405092504
+17406387174
+17472821253
+17542036854
+17572083599
+17572392388
+17573577906
+17578095485
+17579199429
+17579299188
+17579878737
+17606144861
+17632225778
+17706043235
+17706941434
+17722172703
+17733384305
+17735720759
+17737798570
+17742951236
+17759092103
+17819091000
+17856734275
+17857983234
+17863568917
+18002255618
+18002378990
+18002949424
+18003200525
+18003219637
+18003281234
+18005258195
+18008044731
+18013464181
+18014936600
+18017799740
+18018457622
+18032283461
+18037643839
+18038671865
+18042416002
+18042611044
+18052775272
+18052889274
+18053654743
+18053956857
+18055181058
+18057799062
+18102568858
+18128009670
+18137680124
+18138076674
+18138243963
+18138500288
+18144195694
+18144573929
+18155078412
+18157120372
+18157979837
+18163076538
+18169452341
+18172039896
+18172416258
+18172625423
+18177880954
+18182131902
+18186390927
+18186519271
+18225812916
+18262522765
+18283416300
+18283569700
+18285948158
+18286075472
+18286625872
+18287246703
+18302192489
+18303486508
+18307827716
+18318862204
+18327057917
+18332031383
+18332051510
+18333236293
+18333236845
+18333369055
+18333507621
+18333515365
+18333725815
+18333766988
+18334118806
+18334458071
+18334599709
+18334872685
+18334872712
+18334872724
+18334872752
+18334872754
+18334872755
+18334872761
+18334872780
+18334872785
+18334872792
+18334872801
+18335024214
+18335026362
+18335028461
+18335101078
+18335101124
+18335101128
+18335138480
+18335139574
+18335883771
+18335883809
+18335883812
+18336048949
+18336049453
+18336155769
+18336156651
+18336183322
+18336187131
+18336246472
+18336278034
+18337565873
+18338147802
+18339013163
+18339138149
+18339268456
+18339469342
+18339916439
+18382279077
+18443911077
+18444069168
+18444097106
+18444186363
+18444189781
+18444523542
+18444563344
+18444567512
+18444571464
+18444665519
+18444811757
+18445074944
+18445079607
+18445092929
+18445093177
+18445093315
+18445169175
+18445422965
+18445444083
+18445699092
+18445959176
+18446129124
+18446262121
+18446455418
+18446475746
+18446492526
+18446493024
+18446493354
+18447126465
+18447152562
+18447155475
+18447247554
+18447364015
+18447364948
+18447366029
+18447444625
+18447545856
+18447741772
+18447773340
+18447782959
+18447787299
+18448140533
+18448584916
+18449145319
+18449355785
+18449586159
+18449603292
+18452032706
+18502027823
+18503921456
+18504808163
+18506011646
+18542078253
+18552074360
+18552090376
+18552209432
+18552975041
+18552975118
+18553153924
+18553533041
+18553577811
+18553584409
+18553589680
+18553622243
+18553882540
+18553884032
+18554910902
+18555056180
+18555153558
+18555445925
+18555454449
+18555504936
+18555505703
+18555509109
+18556026581
+18556356289
+18556578110
+18556705074
+18556853309
+18556883855
+18556985907
+18557144556
+18557147152
+18557357583
+18557388016
+18557436827
+18557513552
+18557685080
+18557847672
+18558014322
+18558064411
+18558092987
+18558099437
+18558108644
+18558160190
+18558162920
+18558167816
+18558184451
+18558196242
+18558718861
+18559034319
+18559090936
+18559090937
+18559247484
+18563867373
+18567543812
+18567899154
+18574072576
+18582248614
+18582470196
+18599978796
+18623964759
+18629777415
+18633597619
+18634107518
+18636089361
+18643417572
+18649164607
+18652846126
+18653222058
+18662136711
+18662815617
+18662887643
+18663025180
+18663068161
+18663134019
+18663142427
+18663708786
+18663983877
+18663986140
+18663988559
+18663996104
+18664167014
+18664169845
+18664169980
+18664225871
+18664316670
+18664354750
+18664359813
+18664503339
+18664503710
+18664690103
+18664821360
+18665207086
+18665242751
+18665318380
+18665722681
+18665906433
+18665908732
+18666025616
+18666136906
+18666285747
+18666865325
+18667154381
+18667533032
+18667552058
+18667679250
+18668044249
+18668420897
+18668530807
+18668780394
+18669082462
+18669084081
+18669093852
+18669105751
+18669149749
+18669171670
+18669179605
+18669561687
+18669590957
+18669591584
+18669591687
+18669603250
+18669776148
+18669783789
+18669789619
+18703247127
+18704737631
+18722139388
+18772312421
+18772526974
+18773370470
+18773537957
+18774067138
+18774196664
+18774596905
+18774734213
+18774739674
+18774813814
+18774817505
+18774952544
+18775021602
+18775028104
+18775108512
+18775108837
+18775146934
+18775156808
+18775170773
+18775182740
+18775270558
+18775275715
+18775278611
+18775425062
+18775428096
+18775502969
+18775524641
+18775528217
+18775816723
+18775862419
+18776009078
+18776153095
+18776260161
+18776360256
+18776451641
+18777015272
+18777114071
+18777701052
+18778076206
+18778162224
+18778194243
+18778208134
+18778852172
+18779026134
+18779063827
+18779400043
+18882083455
+18882285480
+18882610814
+18882640760
+18882644944
+18882745293
+18882747281
+18883125933
+18883392108
+18883526777
+18883708026
+18883715420
+18883821222
+18883916785
+18884238731
+18884254279
+18884409162
+18884427983
+18884483017
+18884484670
+18884546298
+18884591120
+18884670515
+18884689764
+18885240566
+18885268985
+18885696608
+18885728163
+18885778902
+18885854061
+18885867425
+18885933603
+18886025451
+18886058756
+18886115293
+18886141333
+18886435490
+18886435972
+18886436804
+18886464315
+18886494787
+18886983302
+18887139612
+18887347230
+18887460164
+18887467713
+18887517628
+18887796843
+18888947201
+18889123262
+18889168217
+18889183970
+19013415169
+19014392702
+19015044329
+19018899010
+19032255873
+19044525853
+19045958301
+19048026475
+19048337023
+19048337056
+19082623317
+19083484017
+19084243775
+19107775730
+19124134161
+19124134511
+19124200752
+19126160541
+19127954754
+19142881362
+19143512324
+19143624501
+19144305803
+19152435361
+19162690432
+19169266198
+19169266932
+19169745802
+19175160963
+19175164494
+19175340731
+19182015156
+19185431095
+19187277676
+19199448707
+19205040297
+19205894230
+19207705086
+19209781536
+19253048161
+19282685108
+19285828510
+19286156786
+19297476326
+19297483553
+19297498598
+19343486953
+19362048154
+19366792540
+19419409500
+19432108220
+19432759678
+19432761182
+19459963838
+19459964697
+19497030286
+19499979512
+19513384597
+19516120915
+19525911229
+19544825860
+19548008184
+19548675915
+19562470713
+19592701439
+19704344514
+19706389821
+19709214362
+19709629504
+19712336539
+19724839726
+19726948386
+19729443835
+19782167414
+19784124278
+19786041597
+19798495288
+19802073778
+19802378500
+19802461375
+19803366263
+19804563095
+19805096626
+19805096726
+19805105929
+19805129447
+19807272095
+19809388617
+19852985155
+19857458993
+19857715900
+19897667168
